int	1	0	0	0	1
int	2	1	0	0	1
main	3	1	0	0	1
(	4	1	0	0	1
)	5	1	0	0	1
{	6	1	0	0	1
}|int|while|var 	8	0	1	0	1
}	-1	1	0	1	1
int|while|var 	10	0	0	0	0
}	16	0	0	0	1
int|while|var 	12	0	1	0	1
int|while|var|}	8	0	0	0	1
int|while|var 	13	0	0	0	1
int	17	0	0	0	0
while	55	0	0	0	0
var	51	0	0	0	1
}	-1	0	0	1	1
int	18	1	0	0	1
var	19	1	0	0	1
,|=|;	21	0	1	0	1
;	-1	1	0	1	1
,	24	0	0	0	0
=	27	0	0	0	0
;	84	0	0	0	1
,	25	1	0	0	1
var	26	1	0	0	1
,|=|;	21	0	0	0	1
=	28	1	0	0	1
const|var	32	0	1	0	1
,|;	30	0	0	0	1
,	46	0	0	0	0
;	49	0	0	0	1
const 	34	0	0	0	0
var	36	0	0	0	1
const	35	1	0	0	1
;|,|+|-	38	0	0	0	1
var	37	1	0	0	1
;|,|+|-	38	0	0	0	1
+|-	40	0	0	0	0
;|,	-1	0	0	1	1
+|-	42	0	1	0	1
const|var	32	0	0	0	1
+|-	43	0	0	0	1
+	45	0	0	0	0
-	46	0	0	0	1
+	-1	1	0	1	1
-	-1	1	0	1	1
,	48	1	0	0	1
var	49	1	0	0	1
,|=|;	21	0	0	0	1
;	-1	0	0	1	1
var	52	1	0	0	1
=	53	1	0	0	1
const|var	32	0	1	0	1
;	-1	1	0	1	1
while	56	1	0	0	1
(	57	1	0	0	1
const|var|)	62	0	1	0	1
)	59	1	0	0	1
{	60	1	0	0	1
}|int|while|var 	8	0	1	0	1
}	-1	1	0	1	1
const|var	65	0	0	0	0
)	64	0	0	0	1
)	-1	0	0	0	1
const	67	0	0	0	0
var	68	0	0	0	1
const	69	1	0	0	1
var	70	1	0	0	1
<=|>=|<|>|)	71	0	0	0	1
<=|>=|<|>|)	71	0	0	0	1
<=|>=|<|>	73	0	0	0	0
)	-1	0	0	1	1
<=|>=|<|>	75	0	1	0	1
const|var	65	0	0	0	1
<=|>=|<|>	76	0	0	0	0
<=	80	0	0	0	0
>=	81	0	0	0	0
<	82	0	0	0	0
>	83	0	0	0	1
<=	-1	1	0	1	1
>=	-1	1	0	1	1
<	-1	1	0	1	1
>	-1	1	0	1	1
;	-1	0	0	1	1
const|var	32	0	0	0	0
;	84	0	0	0	1
,	89	0	0	0	0
;	90	0	0	0	1
,	-1	1	0	1	1
;	-1	1	0	1	1
